edit lab1_demo.m
lab1_demo

Um =

   -1.0000    0.3000    1.5000    2.5000    3.2000


Im =

    1.1000    2.2000    2.1000    3.2000    4.7000

C
{Undefined function or variable 'C'.
} 
C=
 C=
   ↑
{Error: Invalid expression. Check for missing or extra characters.
} 
c =
 c =
    ↑
{Error: Invalid expression. Check for missing or extra characters.
} 
U =
 U =
    ↑
{Error: Invalid expression. Check for missing or extra characters.
} 
U=
 U=
   ↑
{Error: Invalid expression. Check for missing or extra characters.
} 
lab1_demo

Um =

   -1.0000    0.3000    1.5000    2.5000    3.2000


Im =

    1.1000    2.2000    2.1000    3.2000    4.7000


C =

    0.1716    0.3662    1.5034


U =

    -1     0


I =

    1.3088    1.5034

lab1_demo

Um =

   -1.0000    0.3000    1.5000    2.5000    3.2000


Im =

    1.1000    2.2000    2.1000    3.2000    4.7000


C =

    0.1716    0.3662    1.5034


U =

    -1     0


I =

    1.3088    1.5034

lab1_demo

Um =

   -1.0000    0.3000    1.5000    2.5000    3.2000


Im =

    1.1000    2.2000    2.1000    3.2000    4.7000


C =

    0.1716    0.3662    1.5034


U =

    -1     0


I =

    1.3088    1.5034

lab1_demo

Um =

   -1.0000    0.3000    1.5000    2.5000    3.2000


Im =

    1.1000    2.2000    2.1000    3.2000    4.7000


C =

    0.1716    0.3662    1.5034


I =

  Columns 1 through 8

    1.3088    1.3090    1.3093    1.3096    1.3100    1.3103    1.3108    1.3112

  Columns 9 through 16

    1.3117    1.3122    1.3128    1.3134    1.3140    1.3147    1.3154    1.3161

  Columns 17 through 24

    1.3168    1.3176    1.3185    1.3193    1.3202    1.3212    1.3221    1.3231

  Columns 25 through 32

    1.3242    1.3253    1.3264    1.3275    1.3287    1.3299    1.3311    1.3324

  Columns 33 through 40

    1.3337    1.3351    1.3364    1.3379    1.3393    1.3408    1.3423    1.3439

  Columns 41 through 48

    1.3454    1.3471    1.3487    1.3504    1.3521    1.3539    1.3557    1.3575

  Columns 49 through 56

    1.3594    1.3613    1.3632    1.3652    1.3671    1.3692    1.3712    1.3733

  Columns 57 through 64

    1.3755    1.3777    1.3799    1.3821    1.3844    1.3867    1.3890    1.3914

  Columns 65 through 72

    1.3938    1.3962    1.3987    1.4012    1.4038    1.4064    1.4090    1.4116

  Columns 73 through 80

    1.4143    1.4170    1.4198    1.4226    1.4254    1.4282    1.4311    1.4341

  Columns 81 through 88

    1.4370    1.4400    1.4430    1.4461    1.4492    1.4523    1.4555    1.4587

  Columns 89 through 96

    1.4619    1.4652    1.4685    1.4718    1.4752    1.4786    1.4820    1.4855

  Columns 97 through 104

    1.4890    1.4926    1.4961    1.4998    1.5034    1.5071    1.5108    1.5145

  Columns 105 through 112

    1.5183    1.5221    1.5260    1.5299    1.5338    1.5378    1.5417    1.5458

  Columns 113 through 120

    1.5498    1.5539    1.5580    1.5622    1.5664    1.5706    1.5749    1.5792

  Columns 121 through 128

    1.5835    1.5879    1.5923    1.5967    1.6012    1.6057    1.6102    1.6148

  Columns 129 through 136

    1.6194    1.6240    1.6287    1.6334    1.6382    1.6429    1.6478    1.6526

  Columns 137 through 144

    1.6575    1.6624    1.6673    1.6723    1.6773    1.6824    1.6875    1.6926

  Columns 145 through 152

    1.6978    1.7029    1.7082    1.7134    1.7187    1.7240    1.7294    1.7348

  Columns 153 through 160

    1.7402    1.7457    1.7512    1.7567    1.7623    1.7679    1.7735    1.7792

  Columns 161 through 168

    1.7849    1.7906    1.7964    1.8022    1.8081    1.8139    1.8199    1.8258

  Columns 169 through 176

    1.8318    1.8378    1.8438    1.8499    1.8560    1.8622    1.8684    1.8746

  Columns 177 through 184

    1.8808    1.8871    1.8934    1.8998    1.9062    1.9126    1.9191    1.9256

  Columns 185 through 192

    1.9321    1.9387    1.9453    1.9519    1.9586    1.9653    1.9720    1.9788

  Columns 193 through 200

    1.9856    1.9924    1.9993    2.0062    2.0131    2.0201    2.0271    2.0341

  Columns 201 through 208

    2.0412    2.0483    2.0555    2.0626    2.0699    2.0771    2.0844    2.0917

  Columns 209 through 216

    2.0991    2.1064    2.1139    2.1213    2.1288    2.1363    2.1439    2.1515

  Columns 217 through 224

    2.1591    2.1668    2.1745    2.1822    2.1900    2.1977    2.2056    2.2134

  Columns 225 through 232

    2.2213    2.2293    2.2373    2.2453    2.2533    2.2614    2.2695    2.2776

  Columns 233 through 240

    2.2858    2.2940    2.3022    2.3105    2.3188    2.3272    2.3356    2.3440

  Columns 241 through 248

    2.3524    2.3609    2.3694    2.3780    2.3866    2.3952    2.4038    2.4125

  Columns 249 through 256

    2.4213    2.4300    2.4388    2.4476    2.4565    2.4654    2.4743    2.4833

  Columns 257 through 264

    2.4923    2.5013    2.5104    2.5195    2.5286    2.5378    2.5470    2.5562

  Columns 265 through 272

    2.5655    2.5748    2.5842    2.5935    2.6029    2.6124    2.6219    2.6314

  Columns 273 through 280

    2.6409    2.6505    2.6601    2.6698    2.6795    2.6892    2.6989    2.7087

  Columns 281 through 288

    2.7185    2.7284    2.7383    2.7482    2.7582    2.7682    2.7782    2.7883

  Columns 289 through 296

    2.7984    2.8085    2.8186    2.8288    2.8391    2.8493    2.8597    2.8700

  Columns 297 through 304

    2.8804    2.8908    2.9012    2.9117    2.9222    2.9327    2.9433    2.9539

  Columns 305 through 312

    2.9646    2.9752    2.9860    2.9967    3.0075    3.0183    3.0292    3.0400

  Columns 313 through 320

    3.0510    3.0619    3.0729    3.0839    3.0950    3.1061    3.1172    3.1284

  Columns 321 through 328

    3.1396    3.1508    3.1621    3.1734    3.1847    3.1961    3.2075    3.2189

  Columns 329 through 336

    3.2304    3.2419    3.2534    3.2650    3.2766    3.2882    3.2999    3.3116

  Columns 337 through 344

    3.3234    3.3351    3.3469    3.3588    3.3707    3.3826    3.3945    3.4065

  Columns 345 through 352

    3.4185    3.4306    3.4427    3.4548    3.4670    3.4791    3.4914    3.5036

  Columns 353 through 360

    3.5159    3.5282    3.5406    3.5530    3.5654    3.5779    3.5904    3.6029

  Columns 361 through 368

    3.6155    3.6281    3.6407    3.6534    3.6661    3.6789    3.6916    3.7044

  Columns 369 through 376

    3.7173    3.7302    3.7431    3.7560    3.7690    3.7820    3.7950    3.8081

  Columns 377 through 384

    3.8212    3.8344    3.8476    3.8608    3.8741    3.8873    3.9007    3.9140

  Columns 385 through 392

    3.9274    3.9408    3.9543    3.9678    3.9813    3.9949    4.0085    4.0221

  Columns 393 through 400

    4.0358    4.0495    4.0632    4.0770    4.0908    4.1046    4.1185    4.1324

  Columns 401 through 408

    4.1463    4.1603    4.1743    4.1884    4.2024    4.2166    4.2307    4.2449

  Columns 409 through 416

    4.2591    4.2733    4.2876    4.3019    4.3163    4.3307    4.3451    4.3596

  Columns 417 through 421

    4.3741    4.3886    4.4031    4.4177    4.4324

lab1_demo

Um =

   -1.0000    0.3000    1.5000    2.5000    3.2000


Im =

    1.1000    2.2000    2.1000    3.2000    4.7000


C =

    0.1838   -0.4328    0.3391    2.0688


